#        weight    minuslogpost            logA              ns    theta_MC_100           ombh2           omch2             tau              As              H0          omegam        omegamh2        omega_de             YHe             Y_p           DHBBN            zrei          sigma8            s8h5      s8omegamp5     s8omegamp25               A           clamp             age           rdrag       chi2__BAO        chi2__SN   minuslogprior minuslogprior__0            chi2 chi2__act_dr6_lenslike.ACTDR6LensLike chi2__bao.desi_2024_bao_all chi2__sn.pantheonplus
              4       720.03162       3.0467324       0.9605282       1.0406159     0.022362647      0.12005165     0.063275965   2.1046461e-09       67.213726      0.31666475      0.14305916      0.68325528      0.24585234      0.24718399       2.4495784       8.5782363      0.81077656      0.98894514      0.45624808      0.60820658       2.1046461       1.8544635       13.808745       147.09594       22.652296       1403.5938      -5.1198704       -5.1198704        1450.303                             24.056844                   22.652296             1403.5938
              3       718.36292       3.0534791      0.96011913       1.0406159     0.022362647      0.12005165     0.063275965   2.1188934e-09       67.213726      0.31666475      0.14305916      0.68325528      0.24585234      0.24718399       2.4495784       8.5782363      0.81339121      0.99213436      0.45771942      0.61016797       2.1188934       1.8670171       13.808745       147.09594       22.652296       1403.5938      -5.1198704       -5.1198704       1446.9656                             20.719449                   22.652296             1403.5938
              4       718.50316       3.0537219      0.95676442       1.0406159     0.022362647      0.12005165     0.063275965   2.1194081e-09       67.213726      0.31666475      0.14305916      0.68325528      0.24585234      0.24718399       2.4495784       8.5782363       0.8124668       0.9910068      0.45719922      0.60947452       2.1194081       1.8674707       13.808745       147.09594       22.652296       1403.5938      -5.1198704       -5.1198704       1447.2461                             20.999919                   22.652296             1403.5938
              2       718.24827       3.0507353      0.95829507        1.039783     0.022404299      0.11859075     0.064516191   2.1130876e-09       67.483554      0.31102104      0.14163992      0.68889963      0.24587013      0.24720184       2.4421109       8.6594345      0.80588105      0.98100669       0.4494339      0.60182245       2.1130876       1.8572889       13.823304       147.43648       19.427616       1404.2167       -5.728365        -5.728365       1447.9533                             24.308956                   19.427616             1404.2167
              4       716.13859       3.0583354      0.96373908        1.039783     0.022404299      0.11859075     0.064516191   2.1292085e-09       67.483554      0.31102104      0.14163992      0.68889963      0.24587013      0.24720184       2.4421109       8.6594345      0.81060573      0.98675809      0.45206882      0.60535079       2.1292085       1.8714582       13.823304       147.43648       19.427616       1404.2167       -5.728365        -5.728365       1443.7339                             20.089591                   19.427616             1404.2167
              2       715.97496       3.0579241      0.97730169        1.039783     0.022404299      0.11859075     0.064516191    2.128333e-09       67.483554      0.31102104      0.14163992      0.68889963      0.24587013      0.24720184       2.4421109       8.6594345      0.81460131      0.99162195      0.45429713      0.60833464        2.128333       1.8706887       13.823304       147.43648       19.427616       1404.2167       -5.728365        -5.728365       1443.4066                             19.762333                   19.427616             1404.2167
              4       716.12152       3.0585808      0.98297573        1.039783     0.022404299      0.11859075     0.064516191    2.129731e-09       67.483554      0.31102104      0.14163992      0.68889963      0.24587013      0.24720184       2.4421109       8.6594345      0.81662614       0.9940868      0.45542636      0.60984676        2.129731       1.8719175       13.823304       147.43648       19.427616       1404.2167       -5.728365        -5.728365       1443.6998                             20.055457                   19.427616             1404.2167
              4       717.01794       3.0498123      0.97823088       1.0387161     0.022129763      0.11755926     0.063492208   2.1111382e-09       67.269998      0.31011282      0.14033389      0.68980734      0.24575198      0.24708326       2.4919674       8.6081101       0.8082559      0.98545813      0.45009972      0.60315484       2.1111382       1.8593795       13.878548       148.02036       19.200307       1404.3363       -5.275173        -5.275173       1444.5862                             21.049661                   19.200307             1404.3363
              1         717.253         3.06293      0.98370647       1.0387161     0.022129763      0.11755926     0.063492208   2.1390139e-09       67.269998      0.31011282      0.14033389      0.68980734      0.24575198      0.24708326       2.4919674       8.6081101      0.81525886      0.99399642      0.45399952      0.60838075       2.1390139        1.883931       13.878548       148.02036       19.200307       1404.3363       -5.275173        -5.275173       1445.0564                             21.519783                   19.200307             1404.3363
              3       717.21282       3.0500412      0.98002545       1.0371634     0.021887895      0.11548732     0.062321672   2.1116214e-09       67.306288      0.30467092      0.13802008      0.69524933      0.24564578      0.24697667       2.5371596       8.5134046        0.801366      0.97679425      0.44233003      0.59537236       2.1116214       1.8641641        13.94008       148.85689       16.748808       1405.1682      -4.1862822       -4.1862822       1442.7982                             20.881202                   16.748808             1405.1682
              4       716.74584       3.0506852      0.97841081       1.0367354     0.021797895      0.11543449     0.063238056   2.1129817e-09       67.110996      0.30612956      0.13787725      0.69379023      0.24560632      0.24693707       2.5542927       8.6239736      0.80096484      0.97772476      0.44316564      0.59578528       2.1129817       1.8619493        13.96193       148.97426       17.739575       1404.9256      -5.0905034       -5.0905034       1443.6727                             21.007473                   17.739575             1404.9256
              1       716.40783       3.0549515      0.97106271       1.0367354     0.021797895      0.11543449     0.063238056   2.1220157e-09       67.110996      0.30612956      0.13787725      0.69379023      0.24560632      0.24693707       2.5542927       8.6239736       0.8004755      0.97712742      0.44289489      0.59542129       2.1220157         1.86991        13.96193       148.97426       17.739575       1404.9256      -5.0905034       -5.0905034       1442.9967                             20.331443                   17.739575             1404.9256
              1       716.12023       3.0565789      0.97506657       1.0367354     0.021797895      0.11543449     0.063238056   2.1254718e-09       67.110996      0.30612956      0.13787725      0.69379023      0.24560632      0.24693707       2.5542927       8.6239736      0.80232483      0.97938487      0.44391811      0.59679689       2.1254718       1.8729555        13.96193       148.97426       17.739575       1404.9256      -5.0905034       -5.0905034       1442.4215                             19.756244                   17.739575             1404.9256
             11        716.5281       3.0530676      0.97427075       1.0367354     0.021797895      0.11543449     0.063238056   2.1180218e-09       67.110996      0.30612956      0.13787725      0.69379023      0.24560632      0.24693707       2.5542927       8.6239736      0.80067949      0.97737644      0.44300776      0.59557303       2.1180218       1.8663907        13.96193       148.97426       17.739575       1404.9256      -5.0905034       -5.0905034       1443.2372                              20.57199                   17.739575             1404.9256
              1       716.13863       3.0551305      0.97916883       1.0367354     0.021797895      0.11543449     0.063238056   2.1223955e-09       67.110996      0.30612956      0.13787725      0.69379023      0.24560632      0.24693707       2.5542927       8.6239736       0.8029749      0.98017841      0.44427779      0.59728043       2.1223955       1.8702448        13.96193       148.97426       17.739575       1404.9256      -5.0905034       -5.0905034       1442.4583                             19.793048                   17.739575             1404.9256
              2       716.43246       3.0524855       0.9786322       1.0367354     0.021797895      0.11543449     0.063238056   2.1167892e-09       67.110996      0.30612956      0.13787725      0.69379023      0.24560632      0.24693707       2.5542927       8.6239736       0.8017526      0.97868637      0.44360151      0.59637125       2.1167892       1.8653045        13.96193       148.97426       17.739575       1404.9256      -5.0905034       -5.0905034       1443.0459                             20.380711                   17.739575             1404.9256
              3       716.82632       3.0582779      0.97871323        1.036557     0.021758388      0.11478532     0.067461257    2.129086e-09       67.258194      0.30326867      0.13718858      0.69665146      0.24558894      0.24691963       2.5618681       9.0293314      0.80183348      0.97771344      0.44156837      0.59503303        2.129086       1.8603604        13.96806       149.19784       16.237908       1405.4148      -4.4342059       -4.4342059       1442.5211                             20.868347                   16.237908             1405.4148
              3       716.42787       3.0627863       0.9944125        1.036557     0.021758388      0.11478532     0.067461257   2.1387064e-09       67.258194      0.30326867      0.13718858      0.69665146      0.24558894      0.24691963       2.5618681       9.0293314      0.80840214      0.98572292      0.44518573      0.59990757       2.1387064       1.8687666        13.96806       149.19784       16.237908       1405.4148      -4.4342059       -4.4342059       1441.7241                             20.071436                   16.237908             1405.4148
              7       716.56421       3.0573736      0.99226355        1.036557     0.021758388      0.11478532     0.067461257   2.1271616e-09       67.258194      0.30326867      0.13718858      0.69665146      0.24558894      0.24691963       2.5618681       9.0293314      0.80556355      0.98226169      0.44362252      0.59780108       2.1271616        1.858679        13.96806       149.19784       16.237908       1405.4148      -4.4342059       -4.4342059       1441.9968                             20.344115                   16.237908             1405.4148
              2       716.24484       3.0619774      0.98329902        1.036557     0.021758388      0.11478532     0.067461257   2.1369772e-09       67.258194      0.30326867      0.13718858      0.69665146      0.24558894      0.24691963       2.5618681       9.0293314      0.80470053      0.98120937      0.44314726      0.59716064       2.1369772       1.8672557        13.96806       149.19784       16.237908       1405.4148      -4.4342059       -4.4342059       1441.3581                             19.705393                   16.237908             1405.4148
              6       714.91809        3.059841      0.98378283       1.0370885       0.0218092      0.11532585     0.065065742   2.1324167e-09       67.277296      0.30440295      0.13777991      0.69551723      0.24561128      0.24694205       2.5521312       8.7972608      0.80615161      0.98283919       0.4447758      0.59879607       2.1324167       1.8722192       13.949518        148.9911       16.516003       1405.2143      -5.7794203       -5.7794203        1441.395                             19.664737                   16.516003             1405.2143
              5       716.80708       3.0546588      0.98799573       1.0377612     0.022044807       0.1151106     0.061725428   2.1213947e-09       67.770059      0.30003668      0.13780027      0.69988466      0.24571464      0.24704578       2.5077013       8.4103467      0.80415243      0.97683103      0.44047935      0.59515758       2.1213947       1.8750267        13.90421       148.78067         14.5359       1406.0347      -3.3975308       -3.3975308       1440.4092                             19.838586                     14.5359             1406.0347
              4       716.84072       3.0540206      0.99027661       1.0377612     0.022044807       0.1151106     0.061725428   2.1200411e-09       67.770059      0.30003668      0.13780027      0.69988466      0.24571464      0.24704578       2.5077013       8.4103467       0.8045925       0.9773656       0.4407204      0.59548327       2.1200411       1.8738303        13.90421       148.78067         14.5359       1406.0347      -3.3975308       -3.3975308       1440.4765                             19.905868                     14.5359             1406.0347
              1       715.80963       3.0557199      0.99079658       1.0376362      0.02206926      0.11507317     0.062573086   2.1236468e-09       67.761774      0.30008179      0.13778729      0.69983953       0.2457254      0.24705658       2.5031575        8.485924      0.80508037      0.97801801      0.44102079      0.59586674       2.1236468       1.8738378       13.905325       148.76302       14.651536       1406.0256      -4.4715117       -4.4715117       1440.5623                             19.885163                   14.651536             1406.0256
              1       716.99588       3.0491596      0.98133705       1.0376362      0.02206926      0.11507317     0.062573086   2.1097606e-09       67.761774      0.30008179      0.13778729      0.69983953       0.2457254      0.24705658       2.5031575        8.485924      0.79957181      0.97132617      0.43800321      0.59178968       2.1097606        1.861585       13.905325       148.76302       14.651536       1406.0256      -4.4715117       -4.4715117       1442.9348                             22.257674                   14.651536             1406.0256
              1       715.74536       3.0602896      0.97682904       1.0376362      0.02206926      0.11507317     0.062573086   2.1333733e-09       67.761774      0.30008179      0.13778729      0.69983953       0.2457254      0.24705658       2.5031575        8.485924      0.80266633      0.97508542      0.43969838      0.59408003       2.1333733       1.8824202       13.905325       148.76302       14.651536       1406.0256      -4.4715117       -4.4715117       1440.4337                              19.75663                   14.651536             1406.0256
              1       715.37007       3.0685179      0.97935205       1.0376173      0.02216522      0.11456678     0.067145724   2.1509999e-09       68.019437      0.29692554      0.13737687      0.70299638      0.24576748      0.24709882       2.4854444       8.8902048      0.80447209      0.97542632      0.43836388      0.59384468       2.1509999        1.880695       13.893619        148.7923       13.761964       1406.6994      -4.7572402       -4.7572402       1440.2546                              19.79323                   13.761964             1406.6994
              2       716.07404       3.0600668      0.97923962       1.0376173      0.02216522      0.11456678     0.067145724   2.1328982e-09       68.019437      0.29692554      0.13737687      0.70299638      0.24576748      0.24709882       2.4854444       8.8902048      0.80104584      0.97127196      0.43649688      0.59131549       2.1328982        1.864868       13.893619        148.7923       13.761964       1406.6994      -4.7572402       -4.7572402       1441.6626                             21.201181                   13.761964             1406.6994
              5       716.35878       3.0540081      0.97789118       1.0372458     0.022089409      0.11406375     0.065485814   2.1200146e-09       68.020173      0.29566803      0.13679803      0.70425389      0.24573426      0.24706548       2.4994226       8.7414943      0.79642728      0.96566671      0.43306024      0.58728271       2.1200146       1.8597673       13.909912       149.01689       13.520019       1406.9872       -5.727933        -5.727933       1444.1734                              23.66623                   13.520019             1406.9872
              7       716.48986       3.0532327      0.97911344       1.0372458     0.022089409      0.11406375     0.065485814   2.1183714e-09       68.020173      0.29566803      0.13679803      0.70425389      0.24573426      0.24706548       2.4994226       8.7414943      0.79648636      0.96573835      0.43309236      0.58732628       2.1183714       1.8583258       13.909912       149.01689       13.520019       1406.9872       -5.727933        -5.727933       1444.4356                             23.928396                   13.520019             1406.9872
              2        714.9283       3.0564631      0.99022338       1.0372458     0.022089409      0.11406375     0.065485814   2.1252256e-09       68.020173      0.29566803      0.13679803      0.70425389      0.24573426      0.24706548       2.4994226       8.7414943      0.80114161      0.97138283      0.43562367      0.59075904       2.1252256       1.8643386       13.909912       149.01689       13.520019       1406.9872       -5.727933        -5.727933       1441.3125                             20.805286                   13.520019             1406.9872
              1       714.81329       3.0554657      0.99005941       1.0375427     0.022099332      0.11451616      0.06405084   2.1231071e-09       67.959959      0.29719324      0.13726036      0.70272854      0.24573862      0.24706986       2.4975862       8.6106971      0.80254234       0.9735122      0.43750942      0.59255366       2.1231071       1.8678331       13.902276       148.88127       13.798954       1406.6395      -5.5801796       -5.5801796       1440.7869                             20.348443                   13.798954             1406.6395
              2       714.81657       3.0554118      0.99021329       1.0375427     0.022099332      0.11451616      0.06405084   2.1229927e-09       67.959959      0.29719324      0.13726036      0.70272854      0.24573862      0.24706986       2.4975862       8.6106971      0.80256768      0.97354294      0.43752324      0.59257237       2.1229927       1.8677324       13.902276       148.88127       13.798954       1406.6395      -5.5801796       -5.5801796       1440.7935                             20.354989                   13.798954             1406.6395
              9       714.42083       3.0603411      0.99072864       1.0378231     0.022131803      0.11500324      0.06538739   2.1334833e-09       67.900497      0.29884088      0.13777991      0.70108077      0.24575287      0.24708416       2.4915914       8.7404236      0.80656123      0.97881556      0.44091751      0.59634467       2.1334833        1.871951       13.892998       148.71091       14.202311       1406.2823      -5.7470317       -5.7470317       1440.3357                             19.851127                   14.202311             1406.2823
              9       714.03384       3.0620242      0.98687796       1.0396236     0.021934422       0.1161395     0.064376587   2.1370772e-09       67.927158      0.30064113      0.13871879      0.69928057      0.24566616      0.24699713       2.5283702       8.7186386      0.81261101      0.98596381      0.44556072      0.60172049       2.1370772       1.8788989        13.86428       148.62581       13.770841       1405.9135      -5.6940154       -5.6940154       1439.4557                             19.771353                   13.770841             1405.9135
              8       714.98279       3.0720622      0.97780464       1.0396236     0.021934422       0.1161395     0.064376587   2.1586372e-09       67.927158      0.30064113      0.13871879      0.69928057      0.24566616      0.24699713       2.5283702       8.7186386      0.81388576      0.98751051      0.44625968      0.60266441       2.1586372       1.8978543        13.86428       148.62581       13.770841       1405.9135      -5.6940154       -5.6940154       1441.3536                             21.669257                   13.770841             1405.9135
              2        714.5051       3.0671534      0.98640736       1.0396236     0.021934422       0.1161395     0.064376587   2.1480668e-09       67.927158      0.30064113      0.13871879      0.69928057      0.24566616      0.24699713       2.5283702       8.7186386      0.81455152       0.9883183      0.44662472       0.6031574       2.1480668       1.8885609        13.86428       148.62581       13.770841       1405.9135      -5.6940154       -5.6940154       1440.3982                             20.713867                   13.770841             1405.9135
              4       714.98689       3.0623356      0.98453736       1.0390945     0.021838172      0.11587432     0.063040547   2.1377428e-09        67.76905      0.30125861      0.13835736      0.69866273      0.24562399      0.24695481       2.5466039       8.6072202      0.81102305      0.98518434      0.44514647      0.60085276       2.1377428        1.884513       13.888639       148.80799       14.068494       1405.7921      -4.9271687       -4.9271687       1439.8281                             19.967555                   14.068494             1405.7921
              7       714.91175       3.0575281      0.98194976       1.0390945     0.021838172      0.11587432     0.063040547   2.1274903e-09        67.76905      0.30125861      0.13835736      0.69866273      0.24562399      0.24695481       2.5466039       8.6072202      0.80828187      0.98185451      0.44364192      0.59882194       2.1274903       1.8754749       13.888639       148.80799       14.068494       1405.7921      -4.9271687       -4.9271687       1439.6778                             19.817282                   14.068494             1405.7921
              3       715.26282       3.0548602      0.98101299       1.0385548     0.021777714      0.11536771     0.063051997   2.1218218e-09        67.72551      0.30040976      0.13779029      0.69951147      0.24559745      0.24692817       2.5581583       8.6132097      0.80491508      0.97807898      0.44117113      0.59590712       2.1218218       1.8704351       13.908521       149.01573       13.971839       1405.9595      -4.9371108       -4.9371108       1440.3999                             20.468515                   13.971839             1405.9595
              5       715.00278       3.0593239      0.97431167       1.0385548     0.021777714      0.11536771     0.063051997   2.1313143e-09        67.72551      0.30040976      0.13779029      0.69951147      0.24559745      0.24692817       2.5581583       8.6132097      0.80467503      0.97778729      0.44103956       0.5957294       2.1313143       1.8788029       13.908521       149.01573       13.971839       1405.9595      -4.9371108       -4.9371108       1439.8798                             19.948433                   13.971839             1405.9595
              6       715.58115       3.0701605      0.96728008       1.0385548     0.021777714      0.11536771     0.063051997   2.1545361e-09        67.72551      0.30040976      0.13779029      0.69951147      0.24559745      0.24692817       2.5581583       8.6132097      0.80690985      0.98050288      0.44226446      0.59738392       2.1545361       1.8992735       13.908521       149.01573       13.971839       1405.9595      -4.9371108       -4.9371108       1441.0365                             21.105165                   13.971839             1405.9595
              4       716.45579       3.0818846      0.97272669       1.0400339     0.022043786      0.11564967     0.066756113   2.1799448e-09       68.332424       0.2962708      0.13833832      0.70365183      0.24571419      0.24704533       2.5078914       8.9104194      0.81442707      0.98523264      0.44329887      0.60086155       2.1799448       1.9074882       13.838539       148.63472       12.890822       1406.8481      -5.0950621       -5.0950621       1443.1017                             23.362759                   12.890822             1406.8481
              2       715.25896       3.0773614      0.95912804       1.0400339     0.022043786      0.11564967     0.066756113   2.1701067e-09       68.332424       0.2962708      0.13833832      0.70365183      0.24571419      0.24704533       2.5078914       8.9104194      0.80841274      0.97795695      0.44002523      0.59642434       2.1701067       1.8988798       13.838539       148.63472       12.890822       1406.8481      -5.0950621       -5.0950621        1440.708                             20.969093                   12.890822             1406.8481
              8       715.76982       3.0743732      0.94856553       1.0400339     0.022043786      0.11564967     0.066756113   2.1636315e-09       68.332424       0.2962708      0.13833832      0.70365183      0.24571419      0.24704533       2.5078914       8.9104194      0.80400426       0.9726239      0.43762566      0.59317189       2.1636315       1.8932139       13.838539       148.63472       12.890822       1406.8481      -5.0950621       -5.0950621       1441.7298                             21.990828                   12.890822             1406.8481
              9       716.02731       3.0801168       0.9455495       1.0400339     0.022043786      0.11564967     0.066756113   2.1760944e-09       68.332424       0.2962708      0.13833832      0.70365183      0.24571419      0.24704533       2.5078914       8.9104194      0.80540553      0.97431906      0.43838838      0.59420571       2.1760944       1.9041191       13.838539       148.63472       12.890822       1406.8481      -5.0950621       -5.0950621       1442.2447                             22.505804                   12.890822             1406.8481
              1       716.16126        3.081912      0.94674784       1.0400339     0.022043786      0.11564967     0.066756113   2.1800044e-09       68.332424       0.2962708      0.13833832      0.70365183      0.24571419      0.24704533       2.5078914       8.9104194      0.80649077      0.97563189      0.43897908      0.59500637       2.1800044       1.9075404       13.838539       148.63472       12.890822       1406.8481      -5.0950621       -5.0950621       1442.5126                             22.773703                   12.890822             1406.8481
