#        weight    minuslogpost            logA              ns    theta_MC_100           ombh2           omch2             tau              As              H0          omegam        omegamh2        omega_de             YHe             Y_p           DHBBN            zrei          sigma8            s8h5      s8omegamp5     s8omegamp25               A           clamp             age           rdrag       chi2__BAO        chi2__SN   minuslogprior minuslogprior__0            chi2 chi2__act_dr6_lenslike.ACTDR6LensLike chi2__bao.desi_2024_bao_all chi2__sn.pantheonplus
              6       719.74367       3.0487236        0.969254       1.0417518     0.022466125      0.12152595      0.06347647   2.1088411e-09       67.167667      0.32059644      0.14463694      0.67932348      0.24589661      0.24722841       2.4310905       8.6008762       0.8197692       1.0002567      0.46416346      0.61685242       2.1088411       1.8574147       13.770223       146.59431       24.928082       1403.2813      -5.2645712       -5.2645712       1450.0165                             21.807141                   24.928082             1403.2813
              3       719.08869       3.0532725      0.96487811       1.0417518     0.022466125      0.12152595      0.06347647   2.1184558e-09       67.167667      0.32059644      0.14463694      0.67932348      0.24589661      0.24722841       2.4310905       8.6008762      0.82027762        1.000877      0.46445133      0.61723499       2.1184558       1.8658832       13.770223       146.59431       24.928082       1403.2813      -5.2645712       -5.2645712       1448.7065                             20.497169                   24.928082             1403.2813
             11       719.11426       3.0527556      0.96713554       1.0417518     0.022466125      0.12152595      0.06347647   2.1173611e-09       67.167667      0.32059644      0.14463694      0.67932348      0.24589661      0.24722841       2.4310905       8.6008762      0.82076546       1.0014723      0.46472755      0.61760208       2.1173611       1.8649189       13.770223       146.59431       24.928082       1403.2813      -5.2645712       -5.2645712       1448.7577                              20.54832                   24.928082             1403.2813
              1       718.77702        3.058956      0.95689321       1.0417518     0.022466125      0.12152595      0.06347647   2.1305303e-09       67.167667      0.32059644      0.14463694      0.67932348      0.24589661      0.24722841       2.4310905       8.6008762       0.8201405       1.0007097      0.46437369      0.61713181       2.1305303       1.8765181       13.770223       146.59431       24.928082       1403.2813      -5.2645712       -5.2645712       1448.0832                              19.87383                   24.928082             1403.2813
              9       719.06122       3.0645322      0.94162982       1.0417518     0.022466125      0.12152595      0.06347647   2.1424437e-09       67.167667      0.32059644      0.14463694      0.67932348      0.24589661      0.24722841       2.4310905       8.6008762      0.81774323      0.99778467      0.46301633      0.61532794       2.1424437       1.8870111       13.770223       146.59431       24.928082       1403.2813      -5.2645712       -5.2645712       1448.6516                              20.44224                   24.928082             1403.2813
              5       719.15697       3.0609421      0.94530133       1.0417111     0.022658801      0.12092574      0.06201772    2.134766e-09       67.521741      0.31634907      0.14422941      0.68357169      0.24597907      0.24731118        2.397215       8.4013788      0.81456712      0.99129989       0.4581526      0.61089774        2.134766       1.8857424       13.749657        146.5388       21.966011       1403.6233      -3.8039378       -3.8039378       1445.9218                             20.332474                   21.966011             1403.6233
              4       719.58362        3.063145      0.93578996       1.0417111     0.022658801      0.12092574      0.06201772   2.1394738e-09       67.521741      0.31634907      0.14422941      0.68357169      0.24597907      0.24731118        2.397215       8.4013788      0.81256916      0.98886844      0.45702885      0.60939934       2.1394738        1.889901       13.749657        146.5388       21.966011       1403.6233      -3.8039378       -3.8039378       1446.7751                             21.185783                   21.966011             1403.6233
              4       720.02938         3.07101      0.93794835       1.0417111     0.022658801      0.12092574      0.06201772    2.156367e-09       67.521741      0.31634907      0.14422941      0.68357169      0.24597907      0.24731118        2.397215       8.4013788      0.81642831       0.9935649      0.45919943      0.61229357        2.156367       1.9048236       13.749657        146.5388       21.966011       1403.6233      -3.8039378       -3.8039378       1447.6666                             22.077287                   21.966011             1403.6233
              3       717.93102       3.0737334      0.93923086       1.0416225     0.022710546      0.12061257     0.063737716   2.1622478e-09       67.643833       0.3146368      0.14396799      0.68528425      0.24600104      0.24733323        2.388235       8.5494843      0.81658087      0.99285333      0.45804058      0.61157761       2.1622478       1.9034593        13.74584       146.56376       20.886335        1403.794      -5.4263003       -5.4263003       1446.7146                             22.034345                   20.886335              1403.794
              4       718.05695       3.0733353      0.93346977       1.0413245     0.022319839      0.11907535     0.067936491   2.1613871e-09       67.758608      0.30937262      0.14204005      0.69054869      0.24583408      0.24716566       2.4572895         9.01967      0.81088728       0.9850953      0.45102584      0.60475707       2.1613871       1.8867905       13.787783       147.40199       16.944106       1404.4381      -3.8641631       -3.8641631       1443.8422                             22.460056                   16.944106             1404.4381
              2       718.01231       3.0775966      0.93214332       1.0413245     0.022319839      0.11907535     0.067936491   2.1706171e-09       67.758608      0.30937262      0.14204005      0.69054869      0.24583408      0.24716566       2.4572895         9.01967      0.81221592      0.98670939      0.45176485      0.60574797       2.1706171       1.8948478       13.787783       147.40199       16.944106       1404.4381      -3.8641631       -3.8641631        1443.753                             22.370777                   16.944106             1404.4381
              1       716.40707       3.0776734      0.93442672       1.0418193     0.022459068      0.11944769     0.066587827   2.1707837e-09       67.908343      0.30911915      0.14255163      0.69080251      0.24589358      0.24722538       2.4323445       8.8636912      0.81403076      0.98782327      0.45258877      0.60697708       2.1707837       1.9001116       13.760567       147.14814       16.695183       1404.4738      -5.2201155       -5.2201155       1443.2544                             22.085425                   16.695183             1404.4738
             11       716.39228       3.0767146      0.93379826       1.0418193     0.022459068      0.11944769     0.066587827   2.1687034e-09       67.908343      0.30911915      0.14255163      0.69080251      0.24589358      0.24722538       2.4323445       8.8636912      0.81344967      0.98711811      0.45226569      0.60654379       2.1687034       1.8982907       13.760567       147.14814       16.695183       1404.4738      -5.2201155       -5.2201155       1443.2248                             22.055851                   16.695183             1404.4738
              5       717.41113        3.067088      0.93283397       1.0418193     0.022459068      0.11944769     0.066587827   2.1479263e-09       67.908343      0.30911915      0.14255163      0.69080251      0.24589358      0.24722538       2.4323445       8.8636912      0.80925232      0.98202465      0.44993203      0.60341407       2.1479263       1.8801042       13.760567       147.14814       16.695183       1404.4738      -5.2201155       -5.2201155       1445.2625                             24.093543                   16.695183             1404.4738
              1       715.86148       3.0765412      0.94873996       1.0418193     0.022459068      0.11944769     0.066587827   2.1683273e-09       67.908343      0.30911915      0.14255163      0.69080251      0.24589358      0.24722538       2.4323445       8.8636912      0.81794887      0.99257788      0.45476718       0.6098986       2.1683273       1.8979615       13.760567       147.14814       16.695183       1404.4738      -5.2201155       -5.2201155       1442.1632                             20.994244                   16.695183             1404.4738
              2       715.52091       3.0718244      0.94939352       1.0418193     0.022459068      0.11944769     0.066587827   2.1581239e-09       67.908343      0.30911915      0.14255163      0.69080251      0.24589358      0.24722538       2.4323445       8.8636912      0.81622295      0.99048348       0.4538076      0.60861168       2.1581239       1.8890303       13.760567       147.14814       16.695183       1404.4738      -5.2201155       -5.2201155        1441.482                             20.313096                   16.695183             1404.4738
             19       715.02701       3.0669026      0.94916939       1.0419148     0.022457422      0.11939485     0.064232811   2.1475282e-09       67.957631      0.30855292      0.14249713      0.69136885      0.24589287      0.24722467       2.4326371       8.6378127      0.81406124      0.98750195      0.45219099      0.60672165       2.1475282       1.8886304       13.757668       147.16393       16.336243       1404.5549      -5.6495854       -5.6495854       1441.3532                             20.462049                   16.336243             1404.5549
              4       714.83053        3.064107      0.95713237       1.0419148     0.022457422      0.11939485     0.064232811    2.141533e-09       67.957631      0.30855292      0.14249713      0.69136885      0.24589287      0.24722467       2.4326371       8.6378127      0.81537243      0.98909249      0.45291933      0.60769888        2.141533       1.8833579       13.757668       147.16393       16.336243       1404.5549      -5.6495854       -5.6495854       1440.9602                             20.069089                   16.336243             1404.5549
              8       714.97912       3.0621699      0.95794178       1.0419148     0.022457422      0.11939485     0.064232811   2.1373887e-09       67.957631      0.30855292      0.14249713      0.69136885      0.24589287      0.24722467       2.4326371       8.6378127      0.81483272      0.98843779      0.45261953      0.60729664       2.1373887       1.8797132       13.757668       147.16393       16.336243       1404.5549      -5.6495854       -5.6495854       1441.2574                             20.366267                   16.336243             1404.5549
              1        716.4507       3.0750978      0.96947421       1.0419148     0.022457422      0.11939485     0.064232811      2.1652e-09       67.957631      0.30855292      0.14249713      0.69136885      0.24589287      0.24722467       2.4326371       8.6378127        0.823717      0.99921492      0.45755453      0.61391811          2.1652       1.9041717       13.757668       147.16393       16.336243       1404.5549      -5.6495854       -5.6495854       1444.2006                             23.309434                   16.336243             1404.5549
              4         716.485         3.07226      0.97917394       1.0419148     0.022457422      0.11939485     0.064232811   2.1590642e-09       67.957631      0.30855292      0.14249713      0.69136885      0.24589287      0.24722467       2.4326371       8.6378127      0.82560246       1.0015021      0.45860186      0.61532334       2.1590642       1.8987756       13.757668       147.16393       16.336243       1404.5549      -5.6495854       -5.6495854       1444.2692                              23.37804                   16.336243             1404.5549
              3       714.72826       3.0610477      0.97940088       1.0419148     0.022457422      0.11939485     0.064232811   2.1349915e-09       67.957631      0.30855292      0.14249713      0.69136885      0.24589287      0.24722467       2.4326371       8.6378127      0.82105835      0.99598983      0.45607771      0.61193661       2.1349915        1.877605       13.757668       147.16393       16.336243       1404.5549      -5.6495854       -5.6495854       1440.7557                              19.86456                   16.336243             1404.5549
              2       714.24929       3.0618057      0.98892023       1.0412683     0.022948126      0.11814679     0.065078216   2.1366104e-09       68.590845      0.30127247      0.14173978      0.69865074      0.24610001      0.24743256       2.3476537       8.5744933      0.81733145      0.98688179      0.44861928      0.60553336       2.1366104       1.8758543       13.722177       146.95107        14.29757         1405.79      -5.7790213       -5.7790213       1440.0566                             19.969108                    14.29757               1405.79
              3       714.33414       3.0594573      0.98385168       1.0412683     0.022948126      0.11814679     0.065078216   2.1315985e-09       68.590845      0.30127247      0.14173978      0.69865074      0.24610001      0.24743256       2.3476537       8.5744933      0.81477428      0.98379414      0.44721569      0.60363883       2.1315985       1.8714541       13.722177       146.95107        14.29757         1405.79      -5.7790213       -5.7790213       1440.2263                             20.138804                    14.29757               1405.79
              5         714.298       3.0590882      0.98463761       1.0417213     0.022991544      0.11823547     0.064411445    2.130812e-09       68.748474      0.30017202      0.14187188      0.69975154      0.24611789       0.2474505       2.3403488        8.503619      0.81541072      0.98343325      0.44674688      0.60355795        2.130812       1.8732601       13.704739       146.87972       13.806191       1406.0081      -5.7034036       -5.7034036       1440.0028                             20.188539                   13.806191             1406.0081
              4       714.28438       3.0590217      0.98829993       1.0417213     0.022991544      0.11823547     0.064411445   2.1306702e-09       68.748474      0.30017202      0.14187188      0.69975154      0.24611789       0.2474505       2.3403488        8.503619      0.81654171      0.98479728      0.44736652      0.60439509       2.1306702       1.8731354       13.704739       146.87972       13.806191       1406.0081      -5.7034036       -5.7034036       1439.9756                             20.161305                   13.806191             1406.0081
              2       714.19098       3.0604443      0.98827243       1.0417213     0.022991544      0.11823547     0.064411445   2.1337036e-09       68.748474      0.30017202      0.14187188      0.69975154      0.24611789       0.2474505       2.3403488        8.503619      0.81711402      0.98548753      0.44768008      0.60481871       2.1337036       1.8758021       13.704739       146.87972       13.806191       1406.0081      -5.7034036       -5.7034036       1439.7888                             19.974502                   13.806191             1406.0081
              6       714.20422        3.061478      0.99018333       1.0417213     0.022991544      0.11823547     0.064411445   2.1359102e-09       68.748474      0.30017202      0.14187188      0.69975154      0.24611789       0.2474505       2.3403488        8.503619      0.81814299      0.98672852      0.44824383      0.60558034       2.1359102        1.877742       13.704739       146.87972       13.806191       1406.0081      -5.7034036       -5.7034036       1439.8152                             20.000983                   13.806191             1406.0081
              1       714.63837       3.0652854       0.9901174       1.0415002     0.022983655       0.1183292     0.066226139   2.1440581e-09       68.633812      0.30135804      0.14195772      0.69856527      0.24611464      0.24744724       2.3416737       8.6776457      0.81983934      0.98960002      0.45005972      0.60743449       2.1440581       1.8780764       13.712504       146.86371        14.25676       1405.7734      -5.4462882       -5.4462882       1440.1693                             20.139181                    14.25676             1405.7734
              3       715.05341       3.0585538       1.0004835       1.0415002     0.022983655       0.1183292     0.066226139   2.1296735e-09       68.633812      0.30135804      0.14195772      0.69856527      0.24611464      0.24744724       2.3416737       8.6776457       0.8203844      0.99025795      0.45035893      0.60783834       2.1296735       1.8654763       13.712504       146.86371        14.25676       1405.7734      -5.4462882       -5.4462882       1440.9994                             20.969246                    14.25676             1405.7734
              5       715.18914       3.0571253      0.99590998       1.0412227     0.022747927       0.1186774     0.065942087   2.1266335e-09       68.220017      0.30526663      0.14207019      0.69465574      0.24601683      0.24734907        2.381779       8.7145015      0.82029732      0.99315122      0.45322197        0.609735       2.1266335        1.863872       13.745979       147.03168         15.6561        1405.068      -5.5831526       -5.5831526       1441.5446                             20.820476                     15.6561              1405.068
              8       715.25792       3.0568573      0.99547931       1.0411573     0.022720655      0.11857635     0.066120931   2.1260636e-09       68.211188      0.30506986      0.14194187       0.6948525      0.24600532      0.24733752       2.3864864       8.7361509      0.81975338       0.9925569      0.45277545      0.60923247       2.1260636       1.8627061       13.750239       147.08858       15.567491        1405.101      -5.5011616       -5.5011616       1441.5182                             20.849645                   15.567491              1405.101
              1       716.54639       3.0491351      0.99964427       1.0411573     0.022720655      0.11857635     0.066120931    2.109709e-09       68.211188      0.30506986      0.14194187       0.6948525      0.24600532      0.24733752       2.3864864       8.7361509      0.81791245      0.99032789      0.45175864      0.60786431        2.109709       1.8483774       13.750239       147.08858       15.567491        1405.101      -5.5011616       -5.5011616       1444.0951                             23.426582                   15.567491              1405.101
              2       717.52808       3.0502989      0.99974236       1.0407012     0.022718818      0.11834895     0.067259991   2.1121658e-09       68.137048      0.30524034      0.14171263      0.69468184      0.24600454      0.24733674        2.386804       8.8388304      0.81720271      0.99000671      0.45149273      0.60742167       2.1121658       1.8463189       13.763037        147.1509       15.937366       1405.0724      -4.6453672       -4.6453672       1444.3469                             23.337157                   15.937366             1405.0724
              3       716.62391       3.0551987      0.99973543       1.0407012     0.022718818      0.11834895     0.067259991   2.1225403e-09       68.137048      0.30524034      0.14171263      0.69468184      0.24600454      0.24733674        2.386804       8.8388304      0.81920501      0.99243242      0.45259897      0.60890997       2.1225403       1.8553876       13.763037        147.1509       15.937366       1405.0724      -4.6453672       -4.6453672       1442.5386                             21.528821                   15.937366             1405.0724
              6       716.49541        3.056104       1.0050212       1.0403687     0.023039455      0.11876755     0.065792009   2.1244627e-09       68.143431      0.30677515      0.14245187      0.69314705      0.24613764      0.24747032       2.3323256        8.629275      0.82103775      0.99460613      0.45475053      0.61103793       2.1244627       1.8625284       13.742427       146.68662       17.566521       1404.8235      -5.6409857       -5.6409857       1444.2728                             21.882766                   17.566521             1404.8235
              2       716.26469       3.0543467       1.0013614       1.0403687     0.023039455      0.11876755     0.065792009   2.1207327e-09       68.143431      0.30677515      0.14245187      0.69314705      0.24613764      0.24747032       2.3323256        8.629275      0.81915259      0.99232243      0.45370639      0.60963494       2.1207327       1.8592583       13.742427       146.68662       17.566521       1404.8235      -5.6409857       -5.6409857       1443.8113                             21.421309                   17.566521             1404.8235
              3       716.13747       3.0545924       1.0060248       1.0401589     0.023279083      0.11816372     0.066097577   2.1212537e-09         68.4869      0.30292936      0.14208767      0.69699361      0.24623692      0.24756997       2.2927965       8.5891367      0.81742455      0.98774291      0.44990245      0.60643327       2.1212537       1.8585788       13.721933       146.58317        16.09204       1405.4773      -5.5126749       -5.5126749       1443.3003                             21.730938                    16.09204             1405.4773
             10       716.84807       3.0482777        1.007263       1.0414594     0.023297304      0.11698569      0.06456636   2.1079009e-09       69.364288      0.29290378      0.14092786      0.70702113      0.24624448      0.24757756       2.2898319       8.4234069      0.81219624      0.97519846      0.43956536      0.59750593       2.1079009       1.8525441       13.676279       146.87471       12.806559       1407.6601      -5.7385933       -5.7385933       1445.1733                             24.706657                   12.806559             1407.6601
              2       716.01646       3.0563579       1.0226442       1.0414594     0.023297304      0.11698569      0.06456636   2.1250021e-09       69.364288      0.29290378      0.14092786      0.70702113      0.24624448      0.24757756       2.2898319       8.4234069      0.82045946      0.98512005      0.44403747      0.60358491       2.1250021       1.8675736       13.676279       146.87471       12.806559       1407.6601      -5.7385933       -5.7385933       1443.5101                              23.04343                   12.806559             1407.6601
             12       716.00797        3.056515       1.0226231        1.041507     0.023295796      0.11700398     0.064601096   2.1253359e-09       69.372564      0.29286877      0.14094464      0.70705616      0.24624386      0.24757693       2.2900771       8.4274215      0.82063494      0.98527197      0.44410589      0.60369596       2.1253359       1.8677373       13.675103       146.87151       12.799413        1407.669      -5.7450197       -5.7450197        1443.506                             23.037598                   12.799413              1407.669
              3       716.42796       3.0492195       1.0185138        1.041507     0.023295796      0.11700398     0.064601096   2.1098871e-09       69.372564      0.29286877      0.14094464      0.70705616      0.24624386      0.24757693       2.2900771       8.4274215      0.81631527      0.98008569      0.44176821      0.60051822       2.1098871       1.8541609       13.675103       146.87151       12.799413        1407.669      -5.7450197       -5.7450197        1444.346                             23.877572                   12.799413              1407.669
              1       717.12813       3.0566664       1.0107295       1.0461023     0.022870745      0.11928598      0.06435519   2.1256578e-09       69.757356      0.29346277      0.14280159      0.70646298      0.24606808      0.24740051       2.3607553       8.5545921      0.83118485      0.99518223      0.45027116      0.61176675       2.1256578        1.868939       13.592056       146.73556       13.424921       1407.5202      -5.6879852       -5.6879852       1445.6322                             24.687082                   13.424921             1407.5202
              9       717.70119       3.0544688       1.0159892       1.0461023     0.022870745      0.11928598      0.06435519   2.1209916e-09       69.757356      0.29346277      0.14280159      0.70646298      0.24606808      0.24740051       2.3607553       8.5545921      0.83201999      0.99618214      0.45072357      0.61238143       2.1209916       1.8648364       13.592056       146.73556       13.424921       1407.5202      -5.6879852       -5.6879852       1446.7784                             25.833205                   13.424921             1407.5202
