#        weight    minuslogpost            logA              ns    theta_MC_100           ombh2           omch2             tau              As              H0          omegam        omegamh2        omega_de             YHe             Y_p           DHBBN            zrei          sigma8            s8h5      s8omegamp5     s8omegamp25               A           clamp             age           rdrag       chi2__BAO        chi2__SN   minuslogprior minuslogprior__0            chi2 chi2__act_dr6_lenslike.ACTDR6LensLike chi2__bao.desi_2024_bao_all chi2__sn.pantheonplus
              7       716.80367       3.0533941      0.97524211       1.0409063      0.02232501      0.11792152     0.066519999   2.1187134e-09       68.032881      0.30440147       0.1408914      0.69552048      0.24583628      0.24716787       2.4563561        8.860775      0.81119919      0.98348577       0.4475596       0.6025446       2.1187134       1.8547855        13.79472       147.70389       14.886044        1405.215      -5.2669594       -5.2669594       1444.1413                             24.040186                   14.886044              1405.215
              5       715.25951       3.0587963      0.97666376       1.0409063      0.02232501      0.11792152     0.066519999   2.1301901e-09       68.032881      0.30440147       0.1408914      0.69552048      0.24583628      0.24716787       2.4563561        8.860775      0.81383437      0.98668061       0.4490135      0.60450196       2.1301901       1.8648325        13.79472       147.70389       14.886044        1405.215      -5.2669594       -5.2669594       1441.0529                             20.951861                   14.886044              1405.215
              1       714.96489       3.0586429      0.97654427       1.0429144      0.02235757      0.11940442     0.062998725   2.1298634e-09       68.207114      0.30610579      0.14240686      0.69381655      0.24585018      0.24718182       2.4504911       8.5452427       0.8205701      0.99357545      0.45399541       0.6103565       2.1298634        1.877724        13.73801       147.27266       14.592804       1404.9301      -4.8903581       -4.8903581       1439.7105                             20.187557                   14.592804             1404.9301
              3        715.0967       3.0591061       0.9724842       1.0425027     0.022148225      0.11977628     0.063543942   2.1308501e-09       67.764461      0.31047187      0.14256937      0.68944946      0.24576006      0.24709137       2.4885679       8.6565934      0.82126801       0.9976631      0.45761055      0.61304234       2.1308501       1.8765465       13.772875        147.4077        16.42149       1404.2885      -5.3092464       -5.3092464       1440.8119                             20.101848                    16.42149             1404.2885
              5       715.29925       3.0587983      0.97251352       1.0425351      0.02215252      0.11982423     0.063279074   2.1301944e-09       67.762011       0.3106081      0.14262162      0.68931322      0.24576194      0.24709326       2.4877779       8.6305906      0.82132549      0.99775097      0.45774298      0.61315249       2.1301944       1.8769631       13.771676       147.39019        16.47586       1404.2706      -5.1222508       -5.1222508        1440.843                             20.096568                    16.47586             1404.2706
              2       715.41247       3.0580415      0.96968709       1.0425351      0.02215252      0.11982423     0.063279074   2.1285827e-09       67.762011       0.3106081      0.14262162      0.68931322      0.24576194      0.24709326       2.4877779       8.6305906      0.82013155      0.99630057      0.45707757      0.61226117       2.1285827        1.875543       13.771676       147.39019        16.47586       1404.2706      -5.1222508       -5.1222508       1441.0694                             20.323014                    16.47586             1404.2706
             17       715.75468        3.054059      0.98034981       1.0425351      0.02215252      0.11982423     0.063279074   2.1201226e-09       67.762011       0.3106081      0.14262162      0.68931322      0.24576194      0.24709326       2.4877779       8.6305906      0.82183729      0.99837271      0.45802822      0.61353457       2.1201226       1.8680886       13.771676       147.39019        16.47586       1404.2706      -5.1222508       -5.1222508       1441.7539                             21.007431                    16.47586             1404.2706
              6       715.88258       3.0532895      0.97995172       1.0425351      0.02215252      0.11982423     0.063279074   2.1184918e-09       67.762011       0.3106081      0.14262162      0.68931322      0.24576194      0.24709326       2.4877779       8.6305906      0.82139601      0.99783665      0.45778228      0.61320514       2.1184918       1.8666517       13.771676       147.39019        16.47586       1404.2706      -5.1222508       -5.1222508       1442.0097                             21.263228                    16.47586             1404.2706
              4       716.63658       3.0512005      0.97268539       1.0425351      0.02215252      0.11982423     0.063279074   2.1140708e-09       67.762011       0.3106081      0.14262162      0.68931322      0.24576194      0.24709326       2.4877779       8.6305906      0.81826485      0.99403289      0.45603722       0.6108676       2.1140708       1.8627562       13.771676       147.39019        16.47586       1404.2706      -5.1222508       -5.1222508       1443.5177                             22.771235                    16.47586             1404.2706
              2       716.13298       3.0530552      0.97342099       1.0425351      0.02215252      0.11982423     0.063279074   2.1179954e-09       67.762011       0.3106081      0.14262162      0.68931322      0.24576194      0.24709326       2.4877779       8.6305906      0.81925372      0.99523417      0.45658834      0.61160583       2.1179954       1.8662143       13.771676       147.39019        16.47586       1404.2706      -5.1222508       -5.1222508       1442.5105                             21.764036                    16.47586             1404.2706
             12       714.51212       3.0631036      0.97410507       1.0454121     0.022192188      0.12139954     0.064292681   2.1393852e-09       68.210148      0.31001127       0.1442366      0.68991108      0.24577922       0.2471106       2.4804996       8.7538025      0.83149122       1.0067767      0.46296314      0.62044321       2.1393852       1.8812437       13.688648       146.93068       14.789964       1404.3504      -5.6692031       -5.6692031       1440.3627                             21.222247                   14.789964             1404.3504
              5       714.48352       3.0633524      0.97443075       1.0454121     0.022192188      0.12139954     0.064292681   2.1399176e-09       68.210148      0.31001127       0.1442366      0.68991108      0.24577922       0.2471106       2.4804996       8.7538025      0.83169911       1.0070285      0.46307889      0.62059834       2.1399176       1.8817119       13.688648       146.93068       14.789964       1404.3504      -5.6692031       -5.6692031       1440.3054                             21.165034                   14.789964             1404.3504
              2       715.57201       3.0687864      0.97241443       1.0482744     0.022051752      0.12206477     0.065376528   2.1515774e-09         68.8253      0.30560222      0.14476139      0.69432152      0.24571769      0.24704885       2.5064095       8.9134235      0.83890255       1.0112009      0.46375623      0.62373575       2.1515774       1.8878681        13.62098        146.9126        13.44331       1405.0127      -5.7488755       -5.7488755       1442.6418                             24.185796                    13.44331             1405.0127
              2       716.32751       3.0730724      0.98138578       1.0465197     0.022521985      0.12094713     0.068185478   2.1608189e-09       69.018507      0.30253456      0.14411398       0.6973896      0.24592056      0.24725246       2.4211975       9.0365214      0.83609393       1.0064038      0.45987793      0.62008156       2.1608189       1.8853554       13.621281       146.68396       13.101183       1405.5504      -3.5254322       -3.5254322       1439.7059                             21.054264                   13.101183             1405.5504
              4       716.88781       3.0827202      0.98357027       1.0465197     0.022521985      0.12094713     0.068185478    2.181767e-09       69.018507      0.30253456      0.14411398       0.6973896      0.24592056      0.24725246       2.4211975       9.0365214      0.84085521        1.012135      0.46249679      0.62361273        2.181767        1.903633       13.621281       146.68396       13.101183       1405.5504      -3.5254322       -3.5254322       1440.8265                             22.174863                   13.101183             1405.5504
             10       718.15169       3.0869386      0.98528805       1.0465197     0.022521985      0.12094713     0.068185478   2.1909901e-09       69.018507      0.30253456      0.14411398       0.6973896      0.24592056      0.24725246       2.4211975       9.0365214      0.84319767       1.0149546      0.46378521      0.62534999       2.1909901       1.9116803       13.621281       146.68396       13.101183       1405.5504      -3.5254322       -3.5254322       1443.3543                             24.702627                   13.101183             1405.5504
              2       719.01725       3.0885685      0.98735857       1.0465197     0.022521985      0.12094713     0.068185478    2.194564e-09       69.018507      0.30253456      0.14411398       0.6973896      0.24592056      0.24725246       2.4211975       9.0365214      0.84457032       1.0166069      0.46454021        0.626368        2.194564       1.9147986       13.621281       146.68396       13.101183       1405.5504      -3.5254322       -3.5254322       1445.0854                             26.433733                   13.101183             1405.5504
              1        719.4354       3.0893522      0.98804319       1.0465197     0.022521985      0.12094713     0.068185478   2.1962847e-09       69.018507      0.30253456      0.14411398       0.6973896      0.24592056      0.24725246       2.4211975       9.0365214      0.84512829       1.0172785      0.46484711      0.62678181       2.1962847       1.9162999       13.621281       146.68396       13.101183       1405.5504      -3.5254322       -3.5254322       1445.9217                             27.270038                   13.101183             1405.5504
              6       719.80901       3.0877411       0.9942252       1.0465197     0.022521985      0.12094713     0.068185478   2.1927489e-09       69.018507      0.30253456      0.14411398       0.6973896      0.24592056      0.24725246       2.4211975       9.0365214      0.84650174       1.0189317      0.46560256      0.62780043       2.1927489       1.9132149       13.621281       146.68396       13.101183       1405.5504      -3.5254322       -3.5254322       1446.6689                             28.017254                   13.101183             1405.5504
              3       719.60805       3.0873366      0.99401519       1.0465197     0.022521985      0.12094713     0.068185478   2.1918621e-09       69.018507      0.30253456      0.14411398       0.6973896      0.24592056      0.24725246       2.4211975       9.0365214      0.84626061       1.0186414      0.46546992      0.62762159       2.1918621       1.9124412       13.621281       146.68396       13.101183       1405.5504      -3.5254322       -3.5254322        1446.267                              27.61533                   13.101183             1405.5504
              3       716.44173       3.0733509      0.99338929       1.0472433     0.022482821      0.12015553     0.062616957   2.1614207e-09        69.50815      0.29656772      0.14328322      0.70335751      0.24590376       0.2472356       2.4281273       8.4992437       0.8382495       1.0054383      0.45649417      0.61859196       2.1614207        1.907001       13.600825       146.93503       13.545758       1406.7814      -4.5184048       -4.5184048       1441.9203                             21.593125                   13.545758             1406.7814
              2       716.54578       3.0741351      0.99366521       1.0472433     0.022482821      0.12015553     0.062616957   2.1631165e-09        69.50815      0.29656772      0.14328322      0.70335751      0.24590376       0.2472356       2.4281273       8.4992437      0.83866976       1.0059424      0.45672304      0.61890209       2.1631165       1.9084971       13.600825       146.93503       13.545758       1406.7814      -4.5184048       -4.5184048       1442.1284                              21.80123                   13.545758             1406.7814
              1       717.00581       3.0751901      0.99694771       1.0472433     0.022482821      0.12015553     0.062616957   2.1653998e-09        69.50815      0.29656772      0.14328322      0.70335751      0.24590376       0.2472356       2.4281273       8.4992437      0.84020324       1.0077817      0.45755814      0.62003373       2.1653998       1.9105116       13.600825       146.93503       13.545758       1406.7814      -4.5184048       -4.5184048       1443.0484                             22.721273                   13.545758             1406.7814
              2       715.64016       3.0676257      0.99567143       1.0453159     0.022375762      0.11828701      0.06329421   2.1490816e-09       69.429866      0.29313858      0.14130764      0.70678647      0.24585794      0.24718961       2.4472234       8.5538043      0.82862835      0.99445841      0.44863823      0.60971662       2.1490816       1.8935477       13.660325       147.54923       13.638882        1407.601      -5.1337761       -5.1337761       1441.5479                             20.307999                   13.638882              1407.601
              7       715.52784       3.0712545      0.99094978       1.0453159     0.022375762      0.11828701      0.06329421   2.1568944e-09       69.429866      0.29313858      0.14130764      0.70678647      0.24585794      0.24718961       2.4472234       8.5538043      0.82859359      0.99441669      0.44861941      0.60969104       2.1568944       1.9004315       13.660325       147.54923       13.638882        1407.601      -5.1337761       -5.1337761       1441.3232                              20.08335                   13.638882              1407.601
              1       715.43548       3.0683924      0.98702896       1.0453159     0.022375762      0.11828701      0.06329421     2.15073e-09       69.429866      0.29313858      0.14130764      0.70678647      0.24585794      0.24718961       2.4472234       8.5538043       0.8261371      0.99146859      0.44728941      0.60788352         2.15073       1.8950001       13.660325       147.54923       13.638882        1407.601      -5.1337761       -5.1337761       1441.1385                             19.898632                   13.638882              1407.601
              1       714.79064       3.0723159      0.98945918       1.0452563     0.022504082      0.11831752     0.064678327   2.1591849e-09       69.506338      0.29282267      0.14146647      0.70710255      0.24591288      0.24724475       2.4243617       8.6556782      0.82803327      0.99319742       0.4480744      0.60911453       2.1591849       1.8971906         13.6494       147.39787        13.57196       1407.6808      -5.7573866       -5.7573866       1441.0961                              19.84333                    13.57196             1407.6808
              7       714.84425       3.0745205      0.98830947       1.0452563     0.022504082      0.11831752     0.064678327   2.1639503e-09       69.506338      0.29282267      0.14146647      0.70710255      0.24591288      0.24724475       2.4243617       8.6556782      0.82857238      0.99384407      0.44836613      0.60951111       2.1639503       1.9013777         13.6494       147.39787        13.57196       1407.6808      -5.7573866       -5.7573866       1441.2033                             19.950542                    13.57196             1407.6808
              7       714.88892       3.0767348      0.98497787       1.0452563     0.022504082      0.11831752     0.064678327   2.1687472e-09       69.506338      0.29282267      0.14146647      0.70710255      0.24591288      0.24724475       2.4243617       8.6556782      0.82840714      0.99364587      0.44827672      0.60938956       2.1687472       1.9055926         13.6494       147.39787        13.57196       1407.6808      -5.7573866       -5.7573866       1441.2926                             20.039879                    13.57196             1407.6808
              3       715.25658       3.0811428      0.97962019       1.0452563     0.022504082      0.11831752     0.064678327   2.1783282e-09       69.506338      0.29282267      0.14146647      0.70710255      0.24591288      0.24724475       2.4243617       8.6556782       0.8284963      0.99375281      0.44832496      0.60945514       2.1783282        1.914011         13.6494       147.39787        13.57196       1407.6808      -5.7573866       -5.7573866       1442.0279                             20.775204                    13.57196             1407.6808
              3       715.47382       3.0814803      0.98060082       1.0454197     0.022556301      0.11831421     0.064585891   2.1790635e-09       69.606758      0.29207932      0.14151537      0.70784611      0.24593527      0.24726722       2.4151497       8.6341965      0.82885512       0.9934658      0.44794947      0.60933178       2.1790635       1.9150111       13.639362        147.3406       13.768663       1407.8712      -5.7422728       -5.7422728       1442.4322                              20.79231                   13.768663             1407.8712
              5       715.75489       3.0778812      0.98041727       1.0452574     0.022534183      0.11776382     0.063935096    2.171235e-09       69.731076       0.2898614      0.14094287       0.7100643      0.24592579      0.24725771       2.4190452       8.5669738      0.82526746      0.98828349      0.44431391      0.60553928        2.171235       1.9106164       13.643936       147.51212       14.389833       1408.4628      -5.5283761       -5.5283761       1442.5665                             19.713937                   14.389833             1408.4628
              3       715.77604       3.0777448      0.98154962       1.0452574     0.022534183      0.11776382     0.063935096   2.1709389e-09       69.731076       0.2898614      0.14094287       0.7100643      0.24592579      0.24725771       2.4190452       8.5669738      0.82557727      0.98865449      0.44448071       0.6057666       2.1709389       1.9103559       13.643936       147.51212       14.389833       1408.4628      -5.5283761       -5.5283761       1442.6088                             19.756221                   14.389833             1408.4628
              7        716.3283       3.0809049      0.98333695       1.0452574     0.022534183      0.11776382     0.063935096     2.17781e-09       69.731076       0.2898614      0.14094287       0.7100643      0.24592579      0.24725771       2.4190452       8.5669738      0.82746227      0.99091184      0.44549557      0.60714972         2.17781       1.9164022       13.643936       147.51212       14.389833       1408.4628      -5.5283761       -5.5283761       1443.7134                             20.860755                   14.389833             1408.4628
              1       716.17356       3.0830287      0.98265495       1.0454228     0.022502686      0.11811661     0.064424045   2.1824402e-09       69.633697      0.29133529      0.14126416       0.7085902      0.24591228      0.24724415       2.4246087        8.628317      0.82969177      0.99427623      0.44783015      0.60955803       2.1824402       1.9185995       13.643761       147.45293       14.033334       1408.0657      -5.7066642       -5.7066642       1443.7604                             21.661411                   14.033334             1408.0657
             12       715.57302       3.0686626      0.98118632       1.0454228     0.022502686      0.11811661     0.064424045   2.1513112e-09       69.633697      0.29133529      0.14126416       0.7085902      0.24591228      0.24724415       2.4246087        8.628317      0.82327966      0.98659216      0.44436918      0.60484718       2.1513112       1.8912338       13.643761       147.45293       14.033334       1408.0657      -5.7066642       -5.7066642       1442.5594                              20.46033                   14.033334             1408.0657
              2       715.23485       3.0788136      0.97843968       1.0454228     0.022502686      0.11811661     0.064424045   2.1732604e-09       69.633697      0.29133529      0.14126416       0.7085902      0.24591228      0.24724415       2.4246087        8.628317      0.82658002      0.99054721      0.44615057      0.60727189       2.1732604       1.9105295       13.643761       147.45293       14.033334       1408.0657      -5.7066642       -5.7066642        1441.883                                19.784                   14.033334             1408.0657
              7       715.10314       3.0762142      0.98019801       1.0454228     0.022502686      0.11811661     0.064424045   2.1676185e-09       69.633697      0.29133529      0.14126416       0.7085902      0.24591228      0.24724415       2.4246087        8.628317       0.8260744      0.98994128      0.44587765      0.60690042       2.1676185       1.9055697       13.643761       147.45293       14.033334       1408.0657      -5.7066642       -5.7066642       1441.6196                              19.52057                   14.033334             1408.0657
              9       715.30719        3.070301      0.98293204       1.0454228     0.022502686      0.11811661     0.064424045   2.1548388e-09       69.633697      0.29133529      0.14126416       0.7085902      0.24591228      0.24724415       2.4246087        8.628317      0.82451804       0.9880762       0.4450376      0.60575699       2.1548388        1.894335       13.643761       147.45293       14.033334       1408.0657      -5.7066642       -5.7066642       1442.0277                             19.928671                   14.033334             1408.0657
              2        715.5342       3.0702289      0.97586467       1.0454228     0.022502686      0.11811661     0.064424045   2.1546833e-09       69.633697      0.29133529      0.14126416       0.7085902      0.24591228      0.24724415       2.4246087        8.628317      0.82221194      0.98531265      0.44379288      0.60406275       2.1546833       1.8941983       13.643761       147.45293       14.033334       1408.0657      -5.7066642       -5.7066642       1442.4817                             20.382694                   14.033334             1408.0657
              6       715.62181       3.0681491      0.98220769       1.0454228     0.022502686      0.11811661     0.064424045   2.1502068e-09       69.633697      0.29133529      0.14126416       0.7085902      0.24591228      0.24724415       2.4246087        8.628317      0.82339763      0.98673353      0.44443286      0.60493385       2.1502068       1.8902629       13.643761       147.45293       14.033334       1408.0657      -5.7066642       -5.7066642       1442.6569                             20.557911                   14.033334             1408.0657
              6       716.70615       3.0630669      0.98397878       1.0454228     0.022502686      0.11811661     0.064424045   2.1393067e-09       69.633697      0.29133529      0.14126416       0.7085902      0.24591228      0.24724415       2.4246087        8.628317      0.82187829       0.9849128      0.44361278      0.60381762       2.1393067       1.8806805       13.643761       147.45293       14.033334       1408.0657      -5.7066642       -5.7066642       1444.8256                             22.726585                   14.033334             1408.0657
              1       716.59074        3.064566      0.97936498       1.0454228     0.022502686      0.11811661     0.064424045   2.1425162e-09       69.633697      0.29133529      0.14126416       0.7085902      0.24591228      0.24724415       2.4246087        8.628317      0.82100961       0.9838718      0.44314391      0.60317942       2.1425162       1.8835021       13.643761       147.45293       14.033334       1408.0657      -5.7066642       -5.7066642       1444.5948                             22.495772                   14.033334             1408.0657
              1       716.30474       3.0659661      0.97841776       1.0454972      0.02244911      0.11823674     0.065089126   2.1455179e-09       69.570771      0.29200005      0.14133071      0.70792531      0.24588931       0.2472211       2.4341159       8.7076116      0.82201522       0.9855223       0.4441926      0.60426243       2.1455179       1.8836337       13.647442       147.48069       13.933359       1407.8917      -5.7786156       -5.7786156       1444.1667                             22.341648                   13.933359             1407.8917
