#        weight    minuslogpost            logA              ns    theta_MC_100           ombh2           omch2             tau              As              H0          omegam        omegamh2        omega_de             YHe             Y_p           DHBBN            zrei          sigma8            s8h5      s8omegamp5     s8omegamp25               A           clamp             age           rdrag       chi2__BAO        chi2__SN   minuslogprior minuslogprior__0            chi2 chi2__act_dr6_lenslike.ACTDR6LensLike chi2__bao.desi_2024_bao_all chi2__sn.pantheonplus
              3       717.56912       3.0530781      0.96142502       1.0418001     0.022446381      0.11964303     0.065743606   2.1180439e-09       67.822646      0.31029788      0.14273428      0.68962358      0.24588814      0.24721992       2.4346015       8.7899672      0.81299227      0.98718614      0.45287237       0.6067798       2.1180439       1.8570807       13.763233       147.11063       17.328732       1404.3117       -5.657503        -5.657503       1446.4532                             24.812806                   17.328732             1404.3117
              2       715.38545       3.0596311      0.96828395       1.0418001     0.022446381      0.11964303     0.065743606   2.1319692e-09       67.822646      0.31029788      0.14273428      0.68962358      0.24588814      0.24721992       2.4346015       8.7899672      0.81778656      0.99300766        0.455543      0.61035804       2.1319692       1.8692903       13.763233       147.11063       17.328732       1404.3117       -5.657503        -5.657503       1442.0859                             20.445459                   17.328732             1404.3117
              3        715.2853       3.0566997      0.97033131       1.0420594     0.022533321      0.11887719     0.065224499   2.1257285e-09       68.252238      0.30494667      0.14205538      0.69497577      0.24592542      0.24725734       2.4191973       8.7047992      0.81447014      0.98586335      0.44976651      0.60524491       2.1257285       1.8657546       13.743529       147.21667       14.764312       1405.1219      -5.7691809       -5.7691809        1442.109                             22.222785                   14.764312             1405.1219
              1       714.06151       3.0629984      0.97373311       1.0420594     0.022533321      0.11887719     0.065224499   2.1391603e-09       68.252238      0.30494667      0.14205538      0.69497577      0.24592542      0.24725734       2.4191973       8.7047992       0.8181035      0.99026129      0.45177292      0.60794491       2.1391603       1.8775437       13.743529       147.21667       14.764312       1405.1219      -5.7691809       -5.7691809       1439.6614                               19.7752                   14.764312             1405.1219
              3       714.01441       3.0634803      0.97667788       1.0420594     0.022533321      0.11887719     0.065224499   2.1401912e-09       68.252238      0.30494667      0.14205538      0.69497577      0.24592542      0.24725734       2.4191973       8.7047992      0.81922477      0.99161852      0.45239212      0.60877814       2.1401912       1.8784485       13.743529       147.21667       14.764312       1405.1219      -5.7691809       -5.7691809       1439.5672                             19.681007                   14.764312             1405.1219
              2       714.16672       3.0648376      0.97668972       1.0420789     0.022528691      0.11885586     0.065942541   2.1430981e-09       68.262487       0.3047994      0.14202942      0.69512307      0.24592344      0.24725534       2.4200139       8.7740391      0.81974807      0.99217743      0.45257176      0.60909345       2.1430981       1.8783006       13.743325       147.22748       14.693654       1405.1469       -5.582962        -5.582962       1439.4994                             19.658831                   14.693654             1405.1469
              1       714.75878       3.0663559      0.97691578       1.0418915     0.022537345      0.11880669     0.066806312   2.1463544e-09        68.22412      0.30505527      0.14198891      0.69486712      0.24592715      0.24725907       2.4184878       8.8526152      0.82005986      0.99283387      0.45293389      0.60945296       2.1463544       1.8779076       13.747819       147.23089       14.896398       1405.1035      -5.0553227       -5.0553227       1439.6282                             19.628317                   14.896398             1405.1035
              7       714.75684       3.0672159      0.97681084       1.0418915     0.022537345      0.11880669     0.066806312   2.1482011e-09        68.22412      0.30505527      0.14198891      0.69486712      0.24592715      0.24725907       2.4184878       8.8526152      0.82037956      0.99322092      0.45311047      0.60969055       2.1482011       1.8795233       13.747819       147.23089       14.896398       1405.1035      -5.0553227       -5.0553227       1439.6243                             19.624436                   14.896398             1405.1035
              3       714.84594       3.0664758       0.9765083       1.0417678     0.022513729      0.11857578     0.066988567   2.1466118e-09       68.244894      0.30432306      0.14173438      0.69559937      0.24591702       0.2472489        2.422656       8.8712548      0.81916622      0.99160099      0.45189701      0.60842318       2.1466118       1.8774483       13.752885       147.31844       14.650219       1405.2287      -4.9016257       -4.9016257       1439.4951                             19.616162                   14.650219             1405.2287
              4       713.99337       3.0643551      0.98543548       1.0428821     0.022993978       0.1181925     0.064324875   2.1420642e-09       69.158447      0.29653896      0.14183134      0.70338551      0.24611889      0.24745151       2.3399404       8.4963376      0.81870703      0.98447775      0.44583011      0.60415582       2.1420642       1.8834783        13.66992       146.88841       12.845713       1406.7876      -5.6790932       -5.6790932       1439.3449                             19.711579                   12.845713             1406.7876
              4       714.57382       3.0608017      0.98567006       1.0422138     0.022991118      0.11739001     0.064239058   2.1344662e-09       69.217497      0.29435227      0.14102599      0.70557232      0.24611771      0.24745033       2.3404204       8.4731822      0.81387518      0.97825001      0.44156181      0.59947994       2.1344662       1.8771196       13.686458       147.10434       12.758065       1407.3012      -5.6517067       -5.6517067       1440.4511                             20.391781                   12.758065             1407.3012
             10       714.46426       3.0692216      0.98874725       1.0422138     0.022991118      0.11739001     0.064239058   2.1525142e-09       69.217497      0.29435227      0.14102599      0.70557232      0.24611771      0.24745033       2.3404204       8.4731822      0.81828896      0.98355522      0.44395647      0.60273102       2.1525142       1.8929916       13.686458       147.10434       12.758065       1407.3012      -5.6517067       -5.6517067       1440.2319                             20.172651                   12.758065             1407.3012
              7       714.21697       3.0680126       0.9843799       1.0422138     0.022991118      0.11739001     0.064239058   2.1499132e-09       69.217497      0.29435227      0.14102599      0.70557232      0.24611771      0.24745033       2.3404204       8.4731822        0.816405      0.98129076      0.44293434      0.60134333       2.1499132       1.8907042       13.686458       147.10434       12.758065       1407.3012      -5.6517067       -5.6517067       1439.7374                             19.678077                   12.758065             1407.3012
              3       714.18845       3.0689976      0.98025501       1.0422138     0.022991118      0.11739001     0.064239058    2.152032e-09       69.217497      0.29435227      0.14102599      0.70557232      0.24611771      0.24745033       2.3404204       8.4731822      0.81549936      0.98020221      0.44244299      0.60067626        2.152032       1.8925676       13.686458       147.10434       12.758065       1407.3012      -5.6517067       -5.6517067       1439.6803                             19.621041                   12.758065             1407.3012
              3       714.17612       3.0687535      0.97988166       1.0422138     0.022991118      0.11739001     0.064239058   2.1515067e-09       69.217497      0.29435227      0.14102599      0.70557232      0.24611771      0.24745033       2.3404204       8.4731822      0.81528171       0.9799406       0.4423249      0.60051595       2.1515067       1.8921056       13.686458       147.10434       12.758065       1407.3012      -5.6517067       -5.6517067       1439.6557                             19.596375                   12.758065             1407.3012
              2       714.62075        3.068418      0.98190269       1.0424676     0.023083761      0.11695576     0.064388161    2.150785e-09       69.537898      0.29093957      0.14068439      0.70898572      0.24615593      0.24748868       2.3249411        8.458047      0.81402851      0.97617759      0.43907733      0.59784735        2.150785       1.8909069       13.667707        147.1176       12.856808       1408.1707      -5.6971927       -5.6971927       1440.6359                             19.608412                   12.856808             1408.1707
              5        714.6748       3.0718248      0.98035251       1.0424676     0.023083761      0.11695576     0.064388161   2.1581248e-09       69.537898      0.29093957      0.14068439      0.70898572      0.24615593      0.24748868       2.3249411        8.458047      0.81492407      0.97725155      0.43956038      0.59850509       2.1581248       1.8973599       13.667707        147.1176       12.856808       1408.1707      -5.6971927       -5.6971927        1440.744                              19.71652                   12.856808             1408.1707
              1       714.65709        3.072088      0.98039677       1.0424967     0.023088422      0.11703008     0.064357231    2.158693e-09       69.524809      0.29121252      0.14076337      0.70871274      0.24615786      0.24749062       2.3241662        8.455434      0.81532074      0.97781926      0.43998059      0.59893681        2.158693       1.8979768       13.666715       147.09268       12.833751       1408.0981      -5.6885694       -5.6885694       1440.6913                             19.759502                   12.833751             1408.0981
              2       715.46177        3.079512      0.97170773       1.0424967     0.023088422      0.11703008     0.064357231   2.1747787e-09       69.524809      0.29121252      0.14076337      0.70871274      0.24615786      0.24749062       2.3241662        8.455434      0.81559509      0.97814829      0.44012864      0.59913834       2.1747787       1.9121198       13.666715       147.09268       12.833751       1408.0981      -5.6885694       -5.6885694       1442.3007                             21.368865                   12.833751             1408.0981
              6       719.58779       3.0882058      0.98156359       1.0424967     0.023088422      0.11703008     0.064357231   2.1937683e-09       69.524809      0.29121252      0.14076337      0.70871274      0.24615786      0.24749062       2.3241662        8.455434      0.82229151      0.98617935       0.4437423      0.60405755       2.1937683       1.9288159       13.666715       147.09268       12.833751       1408.0981      -5.6885694       -5.6885694       1450.5527                              29.62089                   12.833751             1408.0981
              2       717.03461       3.0771255      0.97718613       1.0401133     0.022841704        0.115594     0.063249309   2.1695948e-09       69.034531      0.29183252      0.13908057      0.70809167      0.24605604      0.24738843       2.3657005       8.3784249      0.81014818      0.97505984      0.43765441      0.59545354       2.1695948       1.9117935       13.755572       147.75085        12.78779       1407.9347      -5.0992875       -5.0992875       1444.2678                             23.545256                    12.78779             1407.9347
              1       716.48776       3.0738786      0.98280609       1.0401133     0.022841704        0.115594     0.063249309   2.1625617e-09       69.034531      0.29183252      0.13908057      0.70809167      0.24605604      0.24738843       2.3657005       8.3784249      0.81058677      0.97558771      0.43789134      0.59577591       2.1625617       1.9055961       13.755572       147.75085        12.78779       1407.9347      -5.0992875       -5.0992875       1443.1741                             22.451562                    12.78779             1407.9347
              2       716.47276       3.0597363      0.96821883       1.0401133     0.022841704        0.115594     0.063249309   2.1321934e-09       69.034531      0.29183252      0.13908057      0.70809167      0.24605604      0.24738843       2.3657005       8.3784249       0.8003764      0.96329895      0.43237554      0.58827135       2.1321934       1.8788363       13.755572       147.75085        12.78779       1407.9347      -5.0992875       -5.0992875       1443.1441                             22.421559                    12.78779             1407.9347
              2       715.88407       3.0667907      0.97932049       1.0401351     0.023429412      0.11513241     0.065182659   2.1472879e-09       69.700033      0.28654586      0.13920669      0.71337977      0.24629874      0.24763201       2.2685078       8.4142964      0.80233698      0.96103746      0.42949082      0.58702331       2.1472879        1.884835       13.693656       147.22366       13.018166       1409.4132      -5.7729665       -5.7729665       1443.3141                             20.882728                   13.018166             1409.4132
              7       715.90424       3.0661355      0.98036024       1.0401351     0.023429412      0.11513241     0.065182659   2.1458815e-09       69.700033      0.28654586      0.13920669      0.71337977      0.24629874      0.24763201       2.2685078       8.4142964       0.8023979      0.96111043      0.42952343      0.58706788       2.1458815       1.8836005       13.693656       147.22366       13.018166       1409.4132      -5.7729665       -5.7729665       1443.3544                             20.923066                   13.018166             1409.4132
             19       716.09725       3.0675712      0.97374863       1.0401351     0.023429412      0.11513241     0.065182659   2.1489645e-09       69.700033      0.28654586      0.13920669      0.71337977      0.24629874      0.24763201       2.2685078       8.4142964      0.80091944      0.95933954      0.42873201      0.58598618       2.1489645       1.8863067       13.693656       147.22366       13.018166       1409.4132      -5.7729665       -5.7729665       1443.7404                             21.309088                   13.018166             1409.4132
              5       716.06898       3.0759622      0.97533854       1.0401351     0.023429412      0.11513241     0.065182659   2.1670723e-09       69.700033      0.28654586      0.13920669      0.71337977      0.24629874      0.24763201       2.2685078       8.4142964      0.80478176      0.96396581      0.43079951      0.58881201       2.1670723       1.9022012       13.693656       147.22366       13.018166       1409.4132      -5.7729665       -5.7729665       1443.6839                             21.252559                   13.018166             1409.4132
              4         716.614       3.0755549      0.97460607       1.0390858     0.023375327      0.11450366     0.066671536   2.1661898e-09       69.530156      0.28653531      0.13852385      0.71338996      0.24627668      0.24760987       2.2772024       8.5503448      0.80141811      0.96110879      0.42899104      0.58634562       2.1661898       1.8957731       13.727229       147.45223       12.981791       1409.4161      -5.1594846       -5.1594846        1443.547                             21.149026                   12.981791             1409.4161
              2       716.84532       3.0776013      0.97717559       1.0390858     0.023375327      0.11450366     0.066671536   2.1706273e-09       69.530156      0.28653531      0.13852385      0.71338996      0.24627668      0.24760987       2.2772024       8.5503448      0.80303399      0.96304665      0.42985601      0.58752786       2.1706273       1.8996566       13.727229       147.45223       12.981791       1409.4161      -5.1594846       -5.1594846       1444.0096                             21.611666                   12.981791             1409.4161
              3       716.57332       3.0652621      0.98664702       1.0390858     0.023375327      0.11450366     0.066671536   2.1440081e-09       69.530156      0.28653531      0.13852385      0.71338996      0.24627668      0.24760987       2.2772024       8.5503448      0.80102515      0.96063753       0.4287807      0.58605812       2.1440081       1.8763604       13.727229       147.45223       12.981791       1409.4161      -5.1594846       -5.1594846       1443.4656                             21.067669                   12.981791             1409.4161
             10       716.56521       3.0728876      0.97329375       1.0390858     0.023375327      0.11450366     0.066671536   2.1604197e-09       69.530156      0.28653531      0.13852385      0.71338996      0.24627668      0.24760987       2.2772024       8.5503448      0.79994547      0.95934272      0.42820276      0.58526819       2.1604197       1.8907233       13.727229       147.45223       12.981791       1409.4161      -5.1594846       -5.1594846       1443.4494                             21.051443                   12.981791             1409.4161
              4       716.41523       3.0724954      0.97305167       1.0390671     0.023363688      0.11451836      0.06650525   2.1595725e-09       69.508691      0.28671865      0.13852691      0.71320658       0.2462719      0.24760507       2.2790798       8.5380463      0.79980573      0.95932322       0.4282649      0.58525954       2.1595725       1.8906105        13.72903       147.46112       12.969482       1409.3615      -5.2768744       -5.2768744       1443.3842                             21.053267                   12.969482             1409.3615
              4        717.1676        3.080712      0.96368955       1.0390671     0.023363688      0.11451836      0.06650525     2.17739e-09       69.508691      0.28671865      0.13852691      0.71320658       0.2462719      0.24760507       2.2790798       8.5380463      0.80021628      0.95981564      0.42848473      0.58555995         2.17739       1.9062089        13.72903       147.46112       12.969482       1409.3615      -5.2768744       -5.2768744       1444.8889                             22.557996                   12.969482             1409.3615
              3       717.56173       3.0829087      0.96039329       1.0390671     0.023363688      0.11451836      0.06650525   2.1821783e-09       69.508691      0.28671865      0.13852691      0.71320658       0.2462719      0.24760507       2.2790798       8.5380463       0.8000858      0.95965915      0.42841487      0.58546448       2.1821783       1.9104009        13.72903       147.46112       12.969482       1409.3615      -5.2768744       -5.2768744       1445.6772                              23.34626                   12.969482             1409.3615
              3        717.8146       3.0736131       0.9604403       1.0375554     0.023404514      0.11428114     0.062700126   2.1619876e-09       69.117785      0.28955987      0.13833052       0.7103645      0.24628861      0.24762185       2.2725043       8.1691231      0.79411493      0.95518711      0.42731934      0.58252954       2.1619876       1.9071839       13.768894       147.47988       13.311932       1408.5453      -4.6049538       -4.6049538       1444.8391                             22.981858                   13.311932             1408.5453
              3       718.04657       3.0731519      0.95290401       1.0375554     0.023404514      0.11428114     0.062700126   2.1609909e-09       69.117785      0.28955987      0.13833052       0.7103645      0.24628861      0.24762185       2.2725043       8.1691231       0.7916669      0.95224255      0.42600204      0.58073377       2.1609909       1.9063046       13.768894       147.47988       13.311932       1408.5453      -4.6049538       -4.6049538        1445.303                             23.445804                   13.311932             1408.5453
             10       716.75421       3.0804843      0.94976334       1.0394878     0.023215273      0.11512014     0.064921083   2.1768944e-09       69.306399      0.28933869      0.13898028       0.7105861      0.24621042      0.24754337       2.3032235       8.4381243      0.79912251      0.95990156      0.42984969      0.58609092       2.1768944       1.9118227       13.734363       147.46332       12.861007       1408.6069      -5.7789968       -5.7789968       1445.0664                             23.598506                   12.861007             1408.6069
              3       717.27516       3.0812473      0.95105345       1.0378722      0.02331574      0.11527985     0.065159629   2.1785559e-09       68.784592      0.29429515      0.13924045      0.70562849      0.24625212      0.24758522       2.2868384       8.4366301      0.79864968      0.96296553      0.43325928      0.58823668       2.1785559       1.9123694       13.773279       147.30943       14.126529       1407.3147      -5.7747183       -5.7747183       1446.0998                             24.658525                   14.126529             1407.3147
              4       718.02527       3.0831948      0.95970859       1.0378722      0.02331574      0.11527985     0.065159629   2.1828027e-09       68.784592      0.29429515      0.13924045      0.70562849      0.24625212      0.24758522       2.2868384       8.4366301      0.80204786      0.96706285      0.43510276      0.59073957       2.1828027       1.9160973       13.773279       147.30943       14.126529       1407.3147      -5.7747183       -5.7747183          1447.6                             26.158755                   14.126529             1407.3147
              4        715.8251       3.0738041       0.9644277       1.0378722      0.02331574      0.11527985     0.065159629   2.1624007e-09       68.784592      0.29429515      0.13924045      0.70562849      0.24625212      0.24758522       2.2868384       8.4366301      0.79972158      0.96425797      0.43384078      0.58902617       2.1624007        1.898188       13.773279       147.30943       14.126529       1407.3147      -5.7747183       -5.7747183       1443.1996                             21.758406                   14.126529             1407.3147
              7       715.70836       3.0712514      0.96042949       1.0378722      0.02331574      0.11527985     0.065159629   2.1568877e-09       68.784592      0.29429515      0.13924045      0.70562849      0.24625212      0.24758522       2.2868384       8.4366301      0.79749042      0.96156776       0.4326304      0.58738284       2.1568877       1.8933487       13.773279       147.30943       14.126529       1407.3147      -5.7747183       -5.7747183       1442.9662                              21.52493                   14.126529             1407.3147
              6       715.55787       3.0711985      0.96537272       1.0378722      0.02331574      0.11527985     0.065159629   2.1567736e-09       68.784592      0.29429515      0.13924045      0.70562849      0.24625212      0.24758522       2.2868384       8.4366301      0.79896728      0.96334847      0.43343158       0.5884706       2.1567736       1.8932485       13.773279       147.30943       14.126529       1407.3147      -5.7747183       -5.7747183       1442.6652                             21.223951                   14.126529             1407.3147
              9       715.66871       3.0664659      0.96342917       1.0378722      0.02331574      0.11527985     0.065159629   2.1465907e-09       68.784592      0.29429515      0.13924045      0.70562849      0.24625212      0.24758522       2.2868384       8.4366301      0.79649055      0.96036218      0.43208798      0.58664639       2.1465907       1.8843098       13.773279       147.30943       14.126529       1407.3147      -5.7747183       -5.7747183       1442.8869                             21.445628                   14.126529             1407.3147
              1       716.14039       3.0628268      0.96333738       1.0378722      0.02331574      0.11527985     0.065159629   2.1387932e-09       68.784592      0.29429515      0.13924045      0.70562849      0.24625212      0.24758522       2.2868384       8.4366301      0.79501489      0.95858291      0.43128744      0.58555951       2.1387932        1.877465       13.773279       147.30943       14.126529       1407.3147      -5.7747183       -5.7747183       1443.8302                             22.388991                   14.126529             1407.3147
              1       715.14551       3.0625156      0.98479403       1.0378722      0.02331574      0.11527985     0.065159629   2.1381277e-09       68.784592      0.29429515      0.13924045      0.70562849      0.24625212      0.24758522       2.2868384       8.4366301      0.80143262      0.96632103      0.43476899      0.59028641       2.1381277       1.8768808       13.773279       147.30943       14.126529       1407.3147      -5.7747183       -5.7747183       1441.8405                             20.399224                   14.126529             1407.3147
              9       714.92695       3.0707404      0.97743998       1.0435778     0.022884209      0.11726872       0.0654662   2.1557858e-09       69.633937      0.29037147      0.14079779      0.70955403      0.24607365       0.2474061       2.3584678       8.6148923      0.81654537      0.97852032      0.44000468      0.59940286       2.1557858       1.8912215       13.656284       147.25486       13.255439       1408.3235      -5.7320825       -5.7320825       1441.3181                             19.739109                   13.255439             1408.3235
              4       714.77709       3.0745219      0.97704344       1.0435778     0.022884209      0.11726872       0.0654662   2.1639535e-09       69.633937      0.29037147      0.14079779      0.70955403      0.24607365       0.2474061       2.3584678       8.6148923      0.81796433      0.98022075       0.4407693      0.60044447       2.1639535       1.8983868       13.656284       147.25486       13.255439       1408.3235      -5.7320825       -5.7320825       1441.0183                             19.439379                   13.255439             1408.3235
